New5
NVDA=34.878566299664904,2020-10-30
NVDA=10.0,2019-10-21
GOOG=43.15017920925842,2020-10-30
AAPL=267.7248759875069,2020-10-30
