New9
GOOG=181.7047242151498,2020-10-30
NVDA=1409.9816898037336,2020-10-30
AAPL=1623.4347326841814,2020-10-30
